MoleculeAmount = 1, Mkind = 1
M[0] = 0, <A9B4C>, Atom amount: 14
AtomAmount = 14, Akind = 3
A[0] = 0, <A> , belong to M[0]
A[1] = 0, <A> , belong to M[0]
A[2] = 0, <A> , belong to M[0]
A[3] = 0, <A> , belong to M[0]
A[4] = 0, <A> , belong to M[0]
A[5] = 0, <A> , belong to M[0]
A[6] = 0, <A> , belong to M[0]
A[7] = 0, <A> , belong to M[0]
A[8] = 0, <A> , belong to M[0]
A[9] = 1, <B> , belong to M[0]
A[10] = 1, <B> , belong to M[0]
A[11] = 1, <B> , belong to M[0]
A[12] = 1, <B> , belong to M[0]
A[13] = 2, <C> , belong to M[0]
MaxAtomAmount = 147
Formula[0], Mamount = 1
	Atom[0] = 9
	Atom[1] = 4
	Atom[2] = 1
M[0] = 0, <A9B4C>, Atom amount: 14
	<0|0, <A>| 0>, <1|0, <A>| 0>, <2|0, <A>| 0>, <3|0, <A>| 0>, <4|0, <A>| 0>, <5|0, <A>| 0>, <6|0, <A>| 0>, <7|0, <A>| 0>, <8|0, <A>| 0>, <9|1, <B>| 0>, <10|1, <B>| 0>, <11|1, <B>| 0>, <12|1, <B>| 0>, <13|2, <C>| 0>
Order = 5, AtomAmount = 14, SwapAmount = 11, PermutationAmount = 0
           SwapAmount = 11          
Swap[0] = (0, 1)
Swap[1] = (0, 2)
Swap[2] = (0, 3)
Swap[3] = (0, 4)
Swap[4] = (0, 5)
Swap[5] = (0, 6)
Swap[6] = (0, 7)
Swap[7] = (0, 8)
Swap[8] = (9, 10)
Swap[9] = (9, 11)
Swap[10] = (9, 12)
       PermutationAmount = 0          
Order = 5, Atom Amount = 14, Bond Amount = 91
R[0] = (0, 1)
R[1] = (0, 2)
R[2] = (0, 3)
R[3] = (0, 4)
R[4] = (0, 5)
R[5] = (0, 6)
R[6] = (0, 7)
R[7] = (0, 8)
R[8] = (0, 9)
R[9] = (0, 10)
R[10] = (0, 11)
R[11] = (0, 12)
R[12] = (0, 13)
R[13] = (1, 2)
R[14] = (1, 3)
R[15] = (1, 4)
R[16] = (1, 5)
R[17] = (1, 6)
R[18] = (1, 7)
R[19] = (1, 8)
R[20] = (1, 9)
R[21] = (1, 10)
R[22] = (1, 11)
R[23] = (1, 12)
R[24] = (1, 13)
R[25] = (2, 3)
R[26] = (2, 4)
R[27] = (2, 5)
R[28] = (2, 6)
R[29] = (2, 7)
R[30] = (2, 8)
R[31] = (2, 9)
R[32] = (2, 10)
R[33] = (2, 11)
R[34] = (2, 12)
R[35] = (2, 13)
R[36] = (3, 4)
R[37] = (3, 5)
R[38] = (3, 6)
R[39] = (3, 7)
R[40] = (3, 8)
R[41] = (3, 9)
R[42] = (3, 10)
R[43] = (3, 11)
R[44] = (3, 12)
R[45] = (3, 13)
R[46] = (4, 5)
R[47] = (4, 6)
R[48] = (4, 7)
R[49] = (4, 8)
R[50] = (4, 9)
R[51] = (4, 10)
R[52] = (4, 11)
R[53] = (4, 12)
R[54] = (4, 13)
R[55] = (5, 6)
R[56] = (5, 7)
R[57] = (5, 8)
R[58] = (5, 9)
R[59] = (5, 10)
R[60] = (5, 11)
R[61] = (5, 12)
R[62] = (5, 13)
R[63] = (6, 7)
R[64] = (6, 8)
R[65] = (6, 9)
R[66] = (6, 10)
R[67] = (6, 11)
R[68] = (6, 12)
R[69] = (6, 13)
R[70] = (7, 8)
R[71] = (7, 9)
R[72] = (7, 10)
R[73] = (7, 11)
R[74] = (7, 12)
R[75] = (7, 13)
R[76] = (8, 9)
R[77] = (8, 10)
R[78] = (8, 11)
R[79] = (8, 12)
R[80] = (8, 13)
R[81] = (9, 10)
R[82] = (9, 11)
R[83] = (9, 12)
R[84] = (9, 13)
R[85] = (10, 11)
R[86] = (10, 12)
R[87] = (10, 13)
R[88] = (11, 12)
R[89] = (11, 13)
R[90] = (12, 13)
Permutation amount = 11
Swap[0]
	(0|0, 1|13, 2|14, 3|15, 4|16, 5|17, 6|18, 7|19, 8|20, 9|21, 10|22, 11|23, 12|24, 13|1, 14|2, 15|3, 16|4, 17|5, 18|6, 19|7, 20|8, 21|9, 22|10, 23|11, 24|12, 25|25, 26|26, 27|27, 28|28, 29|29, 30|30, 31|31, 32|32, 33|33, 34|34, 35|35, 36|36, 37|37, 38|38, 39|39, 40|40, 41|41, 42|42, 43|43, 44|44, 45|45, 46|46, 47|47, 48|48, 49|49, 50|50, 51|51, 52|52, 53|53, 54|54, 55|55, 56|56, 57|57, 58|58, 59|59, 60|60, 61|61, 62|62, 63|63, 64|64, 65|65, 66|66, 67|67, 68|68, 69|69, 70|70, 71|71, 72|72, 73|73, 74|74, 75|75, 76|76, 77|77, 78|78, 79|79, 80|80, 81|81, 82|82, 83|83, 84|84, 85|85, 86|86, 87|87, 88|88, 89|89, 90|90)
Swap[1]
	(0|13, 1|1, 2|25, 3|26, 4|27, 5|28, 6|29, 7|30, 8|31, 9|32, 10|33, 11|34, 12|35, 13|0, 14|14, 15|15, 16|16, 17|17, 18|18, 19|19, 20|20, 21|21, 22|22, 23|23, 24|24, 25|2, 26|3, 27|4, 28|5, 29|6, 30|7, 31|8, 32|9, 33|10, 34|11, 35|12, 36|36, 37|37, 38|38, 39|39, 40|40, 41|41, 42|42, 43|43, 44|44, 45|45, 46|46, 47|47, 48|48, 49|49, 50|50, 51|51, 52|52, 53|53, 54|54, 55|55, 56|56, 57|57, 58|58, 59|59, 60|60, 61|61, 62|62, 63|63, 64|64, 65|65, 66|66, 67|67, 68|68, 69|69, 70|70, 71|71, 72|72, 73|73, 74|74, 75|75, 76|76, 77|77, 78|78, 79|79, 80|80, 81|81, 82|82, 83|83, 84|84, 85|85, 86|86, 87|87, 88|88, 89|89, 90|90)
Swap[2]
	(0|14, 1|25, 2|2, 3|36, 4|37, 5|38, 6|39, 7|40, 8|41, 9|42, 10|43, 11|44, 12|45, 13|13, 14|0, 15|15, 16|16, 17|17, 18|18, 19|19, 20|20, 21|21, 22|22, 23|23, 24|24, 25|1, 26|26, 27|27, 28|28, 29|29, 30|30, 31|31, 32|32, 33|33, 34|34, 35|35, 36|3, 37|4, 38|5, 39|6, 40|7, 41|8, 42|9, 43|10, 44|11, 45|12, 46|46, 47|47, 48|48, 49|49, 50|50, 51|51, 52|52, 53|53, 54|54, 55|55, 56|56, 57|57, 58|58, 59|59, 60|60, 61|61, 62|62, 63|63, 64|64, 65|65, 66|66, 67|67, 68|68, 69|69, 70|70, 71|71, 72|72, 73|73, 74|74, 75|75, 76|76, 77|77, 78|78, 79|79, 80|80, 81|81, 82|82, 83|83, 84|84, 85|85, 86|86, 87|87, 88|88, 89|89, 90|90)
Swap[3]
	(0|15, 1|26, 2|36, 3|3, 4|46, 5|47, 6|48, 7|49, 8|50, 9|51, 10|52, 11|53, 12|54, 13|13, 14|14, 15|0, 16|16, 17|17, 18|18, 19|19, 20|20, 21|21, 22|22, 23|23, 24|24, 25|25, 26|1, 27|27, 28|28, 29|29, 30|30, 31|31, 32|32, 33|33, 34|34, 35|35, 36|2, 37|37, 38|38, 39|39, 40|40, 41|41, 42|42, 43|43, 44|44, 45|45, 46|4, 47|5, 48|6, 49|7, 50|8, 51|9, 52|10, 53|11, 54|12, 55|55, 56|56, 57|57, 58|58, 59|59, 60|60, 61|61, 62|62, 63|63, 64|64, 65|65, 66|66, 67|67, 68|68, 69|69, 70|70, 71|71, 72|72, 73|73, 74|74, 75|75, 76|76, 77|77, 78|78, 79|79, 80|80, 81|81, 82|82, 83|83, 84|84, 85|85, 86|86, 87|87, 88|88, 89|89, 90|90)
Swap[4]
	(0|16, 1|27, 2|37, 3|46, 4|4, 5|55, 6|56, 7|57, 8|58, 9|59, 10|60, 11|61, 12|62, 13|13, 14|14, 15|15, 16|0, 17|17, 18|18, 19|19, 20|20, 21|21, 22|22, 23|23, 24|24, 25|25, 26|26, 27|1, 28|28, 29|29, 30|30, 31|31, 32|32, 33|33, 34|34, 35|35, 36|36, 37|2, 38|38, 39|39, 40|40, 41|41, 42|42, 43|43, 44|44, 45|45, 46|3, 47|47, 48|48, 49|49, 50|50, 51|51, 52|52, 53|53, 54|54, 55|5, 56|6, 57|7, 58|8, 59|9, 60|10, 61|11, 62|12, 63|63, 64|64, 65|65, 66|66, 67|67, 68|68, 69|69, 70|70, 71|71, 72|72, 73|73, 74|74, 75|75, 76|76, 77|77, 78|78, 79|79, 80|80, 81|81, 82|82, 83|83, 84|84, 85|85, 86|86, 87|87, 88|88, 89|89, 90|90)
Swap[5]
	(0|17, 1|28, 2|38, 3|47, 4|55, 5|5, 6|63, 7|64, 8|65, 9|66, 10|67, 11|68, 12|69, 13|13, 14|14, 15|15, 16|16, 17|0, 18|18, 19|19, 20|20, 21|21, 22|22, 23|23, 24|24, 25|25, 26|26, 27|27, 28|1, 29|29, 30|30, 31|31, 32|32, 33|33, 34|34, 35|35, 36|36, 37|37, 38|2, 39|39, 40|40, 41|41, 42|42, 43|43, 44|44, 45|45, 46|46, 47|3, 48|48, 49|49, 50|50, 51|51, 52|52, 53|53, 54|54, 55|4, 56|56, 57|57, 58|58, 59|59, 60|60, 61|61, 62|62, 63|6, 64|7, 65|8, 66|9, 67|10, 68|11, 69|12, 70|70, 71|71, 72|72, 73|73, 74|74, 75|75, 76|76, 77|77, 78|78, 79|79, 80|80, 81|81, 82|82, 83|83, 84|84, 85|85, 86|86, 87|87, 88|88, 89|89, 90|90)
Swap[6]
	(0|18, 1|29, 2|39, 3|48, 4|56, 5|63, 6|6, 7|70, 8|71, 9|72, 10|73, 11|74, 12|75, 13|13, 14|14, 15|15, 16|16, 17|17, 18|0, 19|19, 20|20, 21|21, 22|22, 23|23, 24|24, 25|25, 26|26, 27|27, 28|28, 29|1, 30|30, 31|31, 32|32, 33|33, 34|34, 35|35, 36|36, 37|37, 38|38, 39|2, 40|40, 41|41, 42|42, 43|43, 44|44, 45|45, 46|46, 47|47, 48|3, 49|49, 50|50, 51|51, 52|52, 53|53, 54|54, 55|55, 56|4, 57|57, 58|58, 59|59, 60|60, 61|61, 62|62, 63|5, 64|64, 65|65, 66|66, 67|67, 68|68, 69|69, 70|7, 71|8, 72|9, 73|10, 74|11, 75|12, 76|76, 77|77, 78|78, 79|79, 80|80, 81|81, 82|82, 83|83, 84|84, 85|85, 86|86, 87|87, 88|88, 89|89, 90|90)
Swap[7]
	(0|19, 1|30, 2|40, 3|49, 4|57, 5|64, 6|70, 7|7, 8|76, 9|77, 10|78, 11|79, 12|80, 13|13, 14|14, 15|15, 16|16, 17|17, 18|18, 19|0, 20|20, 21|21, 22|22, 23|23, 24|24, 25|25, 26|26, 27|27, 28|28, 29|29, 30|1, 31|31, 32|32, 33|33, 34|34, 35|35, 36|36, 37|37, 38|38, 39|39, 40|2, 41|41, 42|42, 43|43, 44|44, 45|45, 46|46, 47|47, 48|48, 49|3, 50|50, 51|51, 52|52, 53|53, 54|54, 55|55, 56|56, 57|4, 58|58, 59|59, 60|60, 61|61, 62|62, 63|63, 64|5, 65|65, 66|66, 67|67, 68|68, 69|69, 70|6, 71|71, 72|72, 73|73, 74|74, 75|75, 76|8, 77|9, 78|10, 79|11, 80|12, 81|81, 82|82, 83|83, 84|84, 85|85, 86|86, 87|87, 88|88, 89|89, 90|90)
Swap[8]
	(0|0, 1|1, 2|2, 3|3, 4|4, 5|5, 6|6, 7|7, 8|9, 9|8, 10|10, 11|11, 12|12, 13|13, 14|14, 15|15, 16|16, 17|17, 18|18, 19|19, 20|21, 21|20, 22|22, 23|23, 24|24, 25|25, 26|26, 27|27, 28|28, 29|29, 30|30, 31|32, 32|31, 33|33, 34|34, 35|35, 36|36, 37|37, 38|38, 39|39, 40|40, 41|42, 42|41, 43|43, 44|44, 45|45, 46|46, 47|47, 48|48, 49|49, 50|51, 51|50, 52|52, 53|53, 54|54, 55|55, 56|56, 57|57, 58|59, 59|58, 60|60, 61|61, 62|62, 63|63, 64|64, 65|66, 66|65, 67|67, 68|68, 69|69, 70|70, 71|72, 72|71, 73|73, 74|74, 75|75, 76|77, 77|76, 78|78, 79|79, 80|80, 81|81, 82|85, 83|86, 84|87, 85|82, 86|83, 87|84, 88|88, 89|89, 90|90)
Swap[9]
	(0|0, 1|1, 2|2, 3|3, 4|4, 5|5, 6|6, 7|7, 8|10, 9|9, 10|8, 11|11, 12|12, 13|13, 14|14, 15|15, 16|16, 17|17, 18|18, 19|19, 20|22, 21|21, 22|20, 23|23, 24|24, 25|25, 26|26, 27|27, 28|28, 29|29, 30|30, 31|33, 32|32, 33|31, 34|34, 35|35, 36|36, 37|37, 38|38, 39|39, 40|40, 41|43, 42|42, 43|41, 44|44, 45|45, 46|46, 47|47, 48|48, 49|49, 50|52, 51|51, 52|50, 53|53, 54|54, 55|55, 56|56, 57|57, 58|60, 59|59, 60|58, 61|61, 62|62, 63|63, 64|64, 65|67, 66|66, 67|65, 68|68, 69|69, 70|70, 71|73, 72|72, 73|71, 74|74, 75|75, 76|78, 77|77, 78|76, 79|79, 80|80, 81|85, 82|82, 83|88, 84|89, 85|81, 86|86, 87|87, 88|83, 89|84, 90|90)
Swap[10]
	(0|0, 1|1, 2|2, 3|3, 4|4, 5|5, 6|6, 7|7, 8|11, 9|9, 10|10, 11|8, 12|12, 13|13, 14|14, 15|15, 16|16, 17|17, 18|18, 19|19, 20|23, 21|21, 22|22, 23|20, 24|24, 25|25, 26|26, 27|27, 28|28, 29|29, 30|30, 31|34, 32|32, 33|33, 34|31, 35|35, 36|36, 37|37, 38|38, 39|39, 40|40, 41|44, 42|42, 43|43, 44|41, 45|45, 46|46, 47|47, 48|48, 49|49, 50|53, 51|51, 52|52, 53|50, 54|54, 55|55, 56|56, 57|57, 58|61, 59|59, 60|60, 61|58, 62|62, 63|63, 64|64, 65|68, 66|66, 67|67, 68|65, 69|69, 70|70, 71|74, 72|72, 73|73, 74|71, 75|75, 76|79, 77|77, 78|78, 79|76, 80|80, 81|86, 82|88, 83|83, 84|90, 85|85, 86|81, 87|87, 88|82, 89|89, 90|84)
Amount of Order 1: 5
No.0: x[0] + x[1] + x[2] + x[3] + x[4] + x[5] + x[6] + x[7] + x[13] + x[14] + x[15] + x[16] + x[17] + x[18] + x[19] + x[25] + x[26] + x[27] + x[28] + x[29] + x[30] + x[36] + x[37] + x[38] + x[39] + x[40] + x[46] + x[47] + x[48] + x[49] + x[55] + x[56] + x[57] + x[63] + x[64] + x[70]
No.1: x[8] + x[9] + x[10] + x[11] + x[20] + x[21] + x[22] + x[23] + x[31] + x[32] + x[33] + x[34] + x[41] + x[42] + x[43] + x[44] + x[50] + x[51] + x[52] + x[53] + x[58] + x[59] + x[60] + x[61] + x[65] + x[66] + x[67] + x[68] + x[71] + x[72] + x[73] + x[74] + x[76] + x[77] + x[78] + x[79]
No.2: x[12] + x[24] + x[35] + x[45] + x[54] + x[62] + x[69] + x[75] + x[80]
No.3: x[81] + x[82] + x[83] + x[85] + x[86] + x[88]
No.4: x[84] + x[87] + x[89] + x[90]
FI printer settings:
	Output path: /share2/Hyper/FIopensource/A9B4C
	FI file name prefix: A9B4C.txt
	PIP file name prefix: A9B4CPIP.txt
	LineLength: 0
	PrintSetting: Text
	PIPprintSetting: Alone
OrderMax:    5
order:    1, prefix:        0, count:        5, FI count:        5, Non FI count:        0
order:    2, prefix:        5, count:       30, FI count:       15, Non FI count:       15
	time: 10.582031(ms)
order:    3, prefix:       35, count:      166, FI count:       56, Non FI count:      110
	time: 227.375977(ms)
order:    4, prefix:      201, count:      915, FI count:      220, Non FI count:      695
	time: 4.609155(s)
order:    5, prefix:     1116, count:     4984, FI count:      953, Non FI count:     4031
	time: 1(min), 47.241968(s)
