MoleculeAmount = 1, Mkind = 1
M[0] = 0, <A10B4C2>, Atom amount: 16
AtomAmount = 16, Akind = 3
A[0] = 0, <A> , belong to M[0]
A[1] = 0, <A> , belong to M[0]
A[2] = 0, <A> , belong to M[0]
A[3] = 0, <A> , belong to M[0]
A[4] = 0, <A> , belong to M[0]
A[5] = 0, <A> , belong to M[0]
A[6] = 0, <A> , belong to M[0]
A[7] = 0, <A> , belong to M[0]
A[8] = 0, <A> , belong to M[0]
A[9] = 0, <A> , belong to M[0]
A[10] = 1, <B> , belong to M[0]
A[11] = 1, <B> , belong to M[0]
A[12] = 1, <B> , belong to M[0]
A[13] = 1, <B> , belong to M[0]
A[14] = 2, <C> , belong to M[0]
A[15] = 2, <C> , belong to M[0]
MaxAtomAmount = 100842288
Formula[0], Mamount = 1
	Atom[0] = 10
	Atom[1] = 4
	Atom[2] = 2
M[0] = 0, <A10B4C2>, Atom amount: 16
	<0|0, <A>| 0>, <1|0, <A>| 0>, <2|0, <A>| 0>, <3|0, <A>| 0>, <4|0, <A>| 0>, <5|0, <A>| 0>, <6|0, <A>| 0>, <7|0, <A>| 0>, <8|0, <A>| 0>, <9|0, <A>| 0>, <10|1, <B>| 0>, <11|1, <B>| 0>, <12|1, <B>| 0>, <13|1, <B>| 0>, <14|2, <C>| 0>, <15|2, <C>| 0>
Order = 4, AtomAmount = 16, SwapAmount = 13, PermutationAmount = 0
           SwapAmount = 13          
Swap[0] = (0, 1)
Swap[1] = (0, 2)
Swap[2] = (0, 3)
Swap[3] = (0, 4)
Swap[4] = (0, 5)
Swap[5] = (0, 6)
Swap[6] = (0, 7)
Swap[7] = (0, 8)
Swap[8] = (0, 9)
Swap[9] = (10, 11)
Swap[10] = (10, 12)
Swap[11] = (10, 13)
Swap[12] = (14, 15)
       PermutationAmount = 0          
Order = 4, Atom Amount = 16, Bond Amount = 120
R[0] = (0, 1)
R[1] = (0, 2)
R[2] = (0, 3)
R[3] = (0, 4)
R[4] = (0, 5)
R[5] = (0, 6)
R[6] = (0, 7)
R[7] = (0, 8)
R[8] = (0, 9)
R[9] = (0, 10)
R[10] = (0, 11)
R[11] = (0, 12)
R[12] = (0, 13)
R[13] = (0, 14)
R[14] = (0, 15)
R[15] = (1, 2)
R[16] = (1, 3)
R[17] = (1, 4)
R[18] = (1, 5)
R[19] = (1, 6)
R[20] = (1, 7)
R[21] = (1, 8)
R[22] = (1, 9)
R[23] = (1, 10)
R[24] = (1, 11)
R[25] = (1, 12)
R[26] = (1, 13)
R[27] = (1, 14)
R[28] = (1, 15)
R[29] = (2, 3)
R[30] = (2, 4)
R[31] = (2, 5)
R[32] = (2, 6)
R[33] = (2, 7)
R[34] = (2, 8)
R[35] = (2, 9)
R[36] = (2, 10)
R[37] = (2, 11)
R[38] = (2, 12)
R[39] = (2, 13)
R[40] = (2, 14)
R[41] = (2, 15)
R[42] = (3, 4)
R[43] = (3, 5)
R[44] = (3, 6)
R[45] = (3, 7)
R[46] = (3, 8)
R[47] = (3, 9)
R[48] = (3, 10)
R[49] = (3, 11)
R[50] = (3, 12)
R[51] = (3, 13)
R[52] = (3, 14)
R[53] = (3, 15)
R[54] = (4, 5)
R[55] = (4, 6)
R[56] = (4, 7)
R[57] = (4, 8)
R[58] = (4, 9)
R[59] = (4, 10)
R[60] = (4, 11)
R[61] = (4, 12)
R[62] = (4, 13)
R[63] = (4, 14)
R[64] = (4, 15)
R[65] = (5, 6)
R[66] = (5, 7)
R[67] = (5, 8)
R[68] = (5, 9)
R[69] = (5, 10)
R[70] = (5, 11)
R[71] = (5, 12)
R[72] = (5, 13)
R[73] = (5, 14)
R[74] = (5, 15)
R[75] = (6, 7)
R[76] = (6, 8)
R[77] = (6, 9)
R[78] = (6, 10)
R[79] = (6, 11)
R[80] = (6, 12)
R[81] = (6, 13)
R[82] = (6, 14)
R[83] = (6, 15)
R[84] = (7, 8)
R[85] = (7, 9)
R[86] = (7, 10)
R[87] = (7, 11)
R[88] = (7, 12)
R[89] = (7, 13)
R[90] = (7, 14)
R[91] = (7, 15)
R[92] = (8, 9)
R[93] = (8, 10)
R[94] = (8, 11)
R[95] = (8, 12)
R[96] = (8, 13)
R[97] = (8, 14)
R[98] = (8, 15)
R[99] = (9, 10)
R[100] = (9, 11)
R[101] = (9, 12)
R[102] = (9, 13)
R[103] = (9, 14)
R[104] = (9, 15)
R[105] = (10, 11)
R[106] = (10, 12)
R[107] = (10, 13)
R[108] = (10, 14)
R[109] = (10, 15)
R[110] = (11, 12)
R[111] = (11, 13)
R[112] = (11, 14)
R[113] = (11, 15)
R[114] = (12, 13)
R[115] = (12, 14)
R[116] = (12, 15)
R[117] = (13, 14)
R[118] = (13, 15)
R[119] = (14, 15)
Permutation amount = 13
Swap[0]
	(0|0, 1|15, 2|16, 3|17, 4|18, 5|19, 6|20, 7|21, 8|22, 9|23, 10|24, 11|25, 12|26, 13|27, 14|28, 15|1, 16|2, 17|3, 18|4, 19|5, 20|6, 21|7, 22|8, 23|9, 24|10, 25|11, 26|12, 27|13, 28|14, 29|29, 30|30, 31|31, 32|32, 33|33, 34|34, 35|35, 36|36, 37|37, 38|38, 39|39, 40|40, 41|41, 42|42, 43|43, 44|44, 45|45, 46|46, 47|47, 48|48, 49|49, 50|50, 51|51, 52|52, 53|53, 54|54, 55|55, 56|56, 57|57, 58|58, 59|59, 60|60, 61|61, 62|62, 63|63, 64|64, 65|65, 66|66, 67|67, 68|68, 69|69, 70|70, 71|71, 72|72, 73|73, 74|74, 75|75, 76|76, 77|77, 78|78, 79|79, 80|80, 81|81, 82|82, 83|83, 84|84, 85|85, 86|86, 87|87, 88|88, 89|89, 90|90, 91|91, 92|92, 93|93, 94|94, 95|95, 96|96, 97|97, 98|98, 99|99, 100|100, 101|101, 102|102, 103|103, 104|104, 105|105, 106|106, 107|107, 108|108, 109|109, 110|110, 111|111, 112|112, 113|113, 114|114, 115|115, 116|116, 117|117, 118|118, 119|119)
Swap[1]
	(0|15, 1|1, 2|29, 3|30, 4|31, 5|32, 6|33, 7|34, 8|35, 9|36, 10|37, 11|38, 12|39, 13|40, 14|41, 15|0, 16|16, 17|17, 18|18, 19|19, 20|20, 21|21, 22|22, 23|23, 24|24, 25|25, 26|26, 27|27, 28|28, 29|2, 30|3, 31|4, 32|5, 33|6, 34|7, 35|8, 36|9, 37|10, 38|11, 39|12, 40|13, 41|14, 42|42, 43|43, 44|44, 45|45, 46|46, 47|47, 48|48, 49|49, 50|50, 51|51, 52|52, 53|53, 54|54, 55|55, 56|56, 57|57, 58|58, 59|59, 60|60, 61|61, 62|62, 63|63, 64|64, 65|65, 66|66, 67|67, 68|68, 69|69, 70|70, 71|71, 72|72, 73|73, 74|74, 75|75, 76|76, 77|77, 78|78, 79|79, 80|80, 81|81, 82|82, 83|83, 84|84, 85|85, 86|86, 87|87, 88|88, 89|89, 90|90, 91|91, 92|92, 93|93, 94|94, 95|95, 96|96, 97|97, 98|98, 99|99, 100|100, 101|101, 102|102, 103|103, 104|104, 105|105, 106|106, 107|107, 108|108, 109|109, 110|110, 111|111, 112|112, 113|113, 114|114, 115|115, 116|116, 117|117, 118|118, 119|119)
Swap[2]
	(0|16, 1|29, 2|2, 3|42, 4|43, 5|44, 6|45, 7|46, 8|47, 9|48, 10|49, 11|50, 12|51, 13|52, 14|53, 15|15, 16|0, 17|17, 18|18, 19|19, 20|20, 21|21, 22|22, 23|23, 24|24, 25|25, 26|26, 27|27, 28|28, 29|1, 30|30, 31|31, 32|32, 33|33, 34|34, 35|35, 36|36, 37|37, 38|38, 39|39, 40|40, 41|41, 42|3, 43|4, 44|5, 45|6, 46|7, 47|8, 48|9, 49|10, 50|11, 51|12, 52|13, 53|14, 54|54, 55|55, 56|56, 57|57, 58|58, 59|59, 60|60, 61|61, 62|62, 63|63, 64|64, 65|65, 66|66, 67|67, 68|68, 69|69, 70|70, 71|71, 72|72, 73|73, 74|74, 75|75, 76|76, 77|77, 78|78, 79|79, 80|80, 81|81, 82|82, 83|83, 84|84, 85|85, 86|86, 87|87, 88|88, 89|89, 90|90, 91|91, 92|92, 93|93, 94|94, 95|95, 96|96, 97|97, 98|98, 99|99, 100|100, 101|101, 102|102, 103|103, 104|104, 105|105, 106|106, 107|107, 108|108, 109|109, 110|110, 111|111, 112|112, 113|113, 114|114, 115|115, 116|116, 117|117, 118|118, 119|119)
Swap[3]
	(0|17, 1|30, 2|42, 3|3, 4|54, 5|55, 6|56, 7|57, 8|58, 9|59, 10|60, 11|61, 12|62, 13|63, 14|64, 15|15, 16|16, 17|0, 18|18, 19|19, 20|20, 21|21, 22|22, 23|23, 24|24, 25|25, 26|26, 27|27, 28|28, 29|29, 30|1, 31|31, 32|32, 33|33, 34|34, 35|35, 36|36, 37|37, 38|38, 39|39, 40|40, 41|41, 42|2, 43|43, 44|44, 45|45, 46|46, 47|47, 48|48, 49|49, 50|50, 51|51, 52|52, 53|53, 54|4, 55|5, 56|6, 57|7, 58|8, 59|9, 60|10, 61|11, 62|12, 63|13, 64|14, 65|65, 66|66, 67|67, 68|68, 69|69, 70|70, 71|71, 72|72, 73|73, 74|74, 75|75, 76|76, 77|77, 78|78, 79|79, 80|80, 81|81, 82|82, 83|83, 84|84, 85|85, 86|86, 87|87, 88|88, 89|89, 90|90, 91|91, 92|92, 93|93, 94|94, 95|95, 96|96, 97|97, 98|98, 99|99, 100|100, 101|101, 102|102, 103|103, 104|104, 105|105, 106|106, 107|107, 108|108, 109|109, 110|110, 111|111, 112|112, 113|113, 114|114, 115|115, 116|116, 117|117, 118|118, 119|119)
Swap[4]
	(0|18, 1|31, 2|43, 3|54, 4|4, 5|65, 6|66, 7|67, 8|68, 9|69, 10|70, 11|71, 12|72, 13|73, 14|74, 15|15, 16|16, 17|17, 18|0, 19|19, 20|20, 21|21, 22|22, 23|23, 24|24, 25|25, 26|26, 27|27, 28|28, 29|29, 30|30, 31|1, 32|32, 33|33, 34|34, 35|35, 36|36, 37|37, 38|38, 39|39, 40|40, 41|41, 42|42, 43|2, 44|44, 45|45, 46|46, 47|47, 48|48, 49|49, 50|50, 51|51, 52|52, 53|53, 54|3, 55|55, 56|56, 57|57, 58|58, 59|59, 60|60, 61|61, 62|62, 63|63, 64|64, 65|5, 66|6, 67|7, 68|8, 69|9, 70|10, 71|11, 72|12, 73|13, 74|14, 75|75, 76|76, 77|77, 78|78, 79|79, 80|80, 81|81, 82|82, 83|83, 84|84, 85|85, 86|86, 87|87, 88|88, 89|89, 90|90, 91|91, 92|92, 93|93, 94|94, 95|95, 96|96, 97|97, 98|98, 99|99, 100|100, 101|101, 102|102, 103|103, 104|104, 105|105, 106|106, 107|107, 108|108, 109|109, 110|110, 111|111, 112|112, 113|113, 114|114, 115|115, 116|116, 117|117, 118|118, 119|119)
Swap[5]
	(0|19, 1|32, 2|44, 3|55, 4|65, 5|5, 6|75, 7|76, 8|77, 9|78, 10|79, 11|80, 12|81, 13|82, 14|83, 15|15, 16|16, 17|17, 18|18, 19|0, 20|20, 21|21, 22|22, 23|23, 24|24, 25|25, 26|26, 27|27, 28|28, 29|29, 30|30, 31|31, 32|1, 33|33, 34|34, 35|35, 36|36, 37|37, 38|38, 39|39, 40|40, 41|41, 42|42, 43|43, 44|2, 45|45, 46|46, 47|47, 48|48, 49|49, 50|50, 51|51, 52|52, 53|53, 54|54, 55|3, 56|56, 57|57, 58|58, 59|59, 60|60, 61|61, 62|62, 63|63, 64|64, 65|4, 66|66, 67|67, 68|68, 69|69, 70|70, 71|71, 72|72, 73|73, 74|74, 75|6, 76|7, 77|8, 78|9, 79|10, 80|11, 81|12, 82|13, 83|14, 84|84, 85|85, 86|86, 87|87, 88|88, 89|89, 90|90, 91|91, 92|92, 93|93, 94|94, 95|95, 96|96, 97|97, 98|98, 99|99, 100|100, 101|101, 102|102, 103|103, 104|104, 105|105, 106|106, 107|107, 108|108, 109|109, 110|110, 111|111, 112|112, 113|113, 114|114, 115|115, 116|116, 117|117, 118|118, 119|119)
Swap[6]
	(0|20, 1|33, 2|45, 3|56, 4|66, 5|75, 6|6, 7|84, 8|85, 9|86, 10|87, 11|88, 12|89, 13|90, 14|91, 15|15, 16|16, 17|17, 18|18, 19|19, 20|0, 21|21, 22|22, 23|23, 24|24, 25|25, 26|26, 27|27, 28|28, 29|29, 30|30, 31|31, 32|32, 33|1, 34|34, 35|35, 36|36, 37|37, 38|38, 39|39, 40|40, 41|41, 42|42, 43|43, 44|44, 45|2, 46|46, 47|47, 48|48, 49|49, 50|50, 51|51, 52|52, 53|53, 54|54, 55|55, 56|3, 57|57, 58|58, 59|59, 60|60, 61|61, 62|62, 63|63, 64|64, 65|65, 66|4, 67|67, 68|68, 69|69, 70|70, 71|71, 72|72, 73|73, 74|74, 75|5, 76|76, 77|77, 78|78, 79|79, 80|80, 81|81, 82|82, 83|83, 84|7, 85|8, 86|9, 87|10, 88|11, 89|12, 90|13, 91|14, 92|92, 93|93, 94|94, 95|95, 96|96, 97|97, 98|98, 99|99, 100|100, 101|101, 102|102, 103|103, 104|104, 105|105, 106|106, 107|107, 108|108, 109|109, 110|110, 111|111, 112|112, 113|113, 114|114, 115|115, 116|116, 117|117, 118|118, 119|119)
Swap[7]
	(0|21, 1|34, 2|46, 3|57, 4|67, 5|76, 6|84, 7|7, 8|92, 9|93, 10|94, 11|95, 12|96, 13|97, 14|98, 15|15, 16|16, 17|17, 18|18, 19|19, 20|20, 21|0, 22|22, 23|23, 24|24, 25|25, 26|26, 27|27, 28|28, 29|29, 30|30, 31|31, 32|32, 33|33, 34|1, 35|35, 36|36, 37|37, 38|38, 39|39, 40|40, 41|41, 42|42, 43|43, 44|44, 45|45, 46|2, 47|47, 48|48, 49|49, 50|50, 51|51, 52|52, 53|53, 54|54, 55|55, 56|56, 57|3, 58|58, 59|59, 60|60, 61|61, 62|62, 63|63, 64|64, 65|65, 66|66, 67|4, 68|68, 69|69, 70|70, 71|71, 72|72, 73|73, 74|74, 75|75, 76|5, 77|77, 78|78, 79|79, 80|80, 81|81, 82|82, 83|83, 84|6, 85|85, 86|86, 87|87, 88|88, 89|89, 90|90, 91|91, 92|8, 93|9, 94|10, 95|11, 96|12, 97|13, 98|14, 99|99, 100|100, 101|101, 102|102, 103|103, 104|104, 105|105, 106|106, 107|107, 108|108, 109|109, 110|110, 111|111, 112|112, 113|113, 114|114, 115|115, 116|116, 117|117, 118|118, 119|119)
Swap[8]
	(0|22, 1|35, 2|47, 3|58, 4|68, 5|77, 6|85, 7|92, 8|8, 9|99, 10|100, 11|101, 12|102, 13|103, 14|104, 15|15, 16|16, 17|17, 18|18, 19|19, 20|20, 21|21, 22|0, 23|23, 24|24, 25|25, 26|26, 27|27, 28|28, 29|29, 30|30, 31|31, 32|32, 33|33, 34|34, 35|1, 36|36, 37|37, 38|38, 39|39, 40|40, 41|41, 42|42, 43|43, 44|44, 45|45, 46|46, 47|2, 48|48, 49|49, 50|50, 51|51, 52|52, 53|53, 54|54, 55|55, 56|56, 57|57, 58|3, 59|59, 60|60, 61|61, 62|62, 63|63, 64|64, 65|65, 66|66, 67|67, 68|4, 69|69, 70|70, 71|71, 72|72, 73|73, 74|74, 75|75, 76|76, 77|5, 78|78, 79|79, 80|80, 81|81, 82|82, 83|83, 84|84, 85|6, 86|86, 87|87, 88|88, 89|89, 90|90, 91|91, 92|7, 93|93, 94|94, 95|95, 96|96, 97|97, 98|98, 99|9, 100|10, 101|11, 102|12, 103|13, 104|14, 105|105, 106|106, 107|107, 108|108, 109|109, 110|110, 111|111, 112|112, 113|113, 114|114, 115|115, 116|116, 117|117, 118|118, 119|119)
Swap[9]
	(0|0, 1|1, 2|2, 3|3, 4|4, 5|5, 6|6, 7|7, 8|8, 9|10, 10|9, 11|11, 12|12, 13|13, 14|14, 15|15, 16|16, 17|17, 18|18, 19|19, 20|20, 21|21, 22|22, 23|24, 24|23, 25|25, 26|26, 27|27, 28|28, 29|29, 30|30, 31|31, 32|32, 33|33, 34|34, 35|35, 36|37, 37|36, 38|38, 39|39, 40|40, 41|41, 42|42, 43|43, 44|44, 45|45, 46|46, 47|47, 48|49, 49|48, 50|50, 51|51, 52|52, 53|53, 54|54, 55|55, 56|56, 57|57, 58|58, 59|60, 60|59, 61|61, 62|62, 63|63, 64|64, 65|65, 66|66, 67|67, 68|68, 69|70, 70|69, 71|71, 72|72, 73|73, 74|74, 75|75, 76|76, 77|77, 78|79, 79|78, 80|80, 81|81, 82|82, 83|83, 84|84, 85|85, 86|87, 87|86, 88|88, 89|89, 90|90, 91|91, 92|92, 93|94, 94|93, 95|95, 96|96, 97|97, 98|98, 99|100, 100|99, 101|101, 102|102, 103|103, 104|104, 105|105, 106|110, 107|111, 108|112, 109|113, 110|106, 111|107, 112|108, 113|109, 114|114, 115|115, 116|116, 117|117, 118|118, 119|119)
Swap[10]
	(0|0, 1|1, 2|2, 3|3, 4|4, 5|5, 6|6, 7|7, 8|8, 9|11, 10|10, 11|9, 12|12, 13|13, 14|14, 15|15, 16|16, 17|17, 18|18, 19|19, 20|20, 21|21, 22|22, 23|25, 24|24, 25|23, 26|26, 27|27, 28|28, 29|29, 30|30, 31|31, 32|32, 33|33, 34|34, 35|35, 36|38, 37|37, 38|36, 39|39, 40|40, 41|41, 42|42, 43|43, 44|44, 45|45, 46|46, 47|47, 48|50, 49|49, 50|48, 51|51, 52|52, 53|53, 54|54, 55|55, 56|56, 57|57, 58|58, 59|61, 60|60, 61|59, 62|62, 63|63, 64|64, 65|65, 66|66, 67|67, 68|68, 69|71, 70|70, 71|69, 72|72, 73|73, 74|74, 75|75, 76|76, 77|77, 78|80, 79|79, 80|78, 81|81, 82|82, 83|83, 84|84, 85|85, 86|88, 87|87, 88|86, 89|89, 90|90, 91|91, 92|92, 93|95, 94|94, 95|93, 96|96, 97|97, 98|98, 99|101, 100|100, 101|99, 102|102, 103|103, 104|104, 105|110, 106|106, 107|114, 108|115, 109|116, 110|105, 111|111, 112|112, 113|113, 114|107, 115|108, 116|109, 117|117, 118|118, 119|119)
Swap[11]
	(0|0, 1|1, 2|2, 3|3, 4|4, 5|5, 6|6, 7|7, 8|8, 9|12, 10|10, 11|11, 12|9, 13|13, 14|14, 15|15, 16|16, 17|17, 18|18, 19|19, 20|20, 21|21, 22|22, 23|26, 24|24, 25|25, 26|23, 27|27, 28|28, 29|29, 30|30, 31|31, 32|32, 33|33, 34|34, 35|35, 36|39, 37|37, 38|38, 39|36, 40|40, 41|41, 42|42, 43|43, 44|44, 45|45, 46|46, 47|47, 48|51, 49|49, 50|50, 51|48, 52|52, 53|53, 54|54, 55|55, 56|56, 57|57, 58|58, 59|62, 60|60, 61|61, 62|59, 63|63, 64|64, 65|65, 66|66, 67|67, 68|68, 69|72, 70|70, 71|71, 72|69, 73|73, 74|74, 75|75, 76|76, 77|77, 78|81, 79|79, 80|80, 81|78, 82|82, 83|83, 84|84, 85|85, 86|89, 87|87, 88|88, 89|86, 90|90, 91|91, 92|92, 93|96, 94|94, 95|95, 96|93, 97|97, 98|98, 99|102, 100|100, 101|101, 102|99, 103|103, 104|104, 105|111, 106|114, 107|107, 108|117, 109|118, 110|110, 111|105, 112|112, 113|113, 114|106, 115|115, 116|116, 117|108, 118|109, 119|119)
Swap[12]
	(0|0, 1|1, 2|2, 3|3, 4|4, 5|5, 6|6, 7|7, 8|8, 9|9, 10|10, 11|11, 12|12, 13|14, 14|13, 15|15, 16|16, 17|17, 18|18, 19|19, 20|20, 21|21, 22|22, 23|23, 24|24, 25|25, 26|26, 27|28, 28|27, 29|29, 30|30, 31|31, 32|32, 33|33, 34|34, 35|35, 36|36, 37|37, 38|38, 39|39, 40|41, 41|40, 42|42, 43|43, 44|44, 45|45, 46|46, 47|47, 48|48, 49|49, 50|50, 51|51, 52|53, 53|52, 54|54, 55|55, 56|56, 57|57, 58|58, 59|59, 60|60, 61|61, 62|62, 63|64, 64|63, 65|65, 66|66, 67|67, 68|68, 69|69, 70|70, 71|71, 72|72, 73|74, 74|73, 75|75, 76|76, 77|77, 78|78, 79|79, 80|80, 81|81, 82|83, 83|82, 84|84, 85|85, 86|86, 87|87, 88|88, 89|89, 90|91, 91|90, 92|92, 93|93, 94|94, 95|95, 96|96, 97|98, 98|97, 99|99, 100|100, 101|101, 102|102, 103|104, 104|103, 105|105, 106|106, 107|107, 108|109, 109|108, 110|110, 111|111, 112|113, 113|112, 114|114, 115|116, 116|115, 117|118, 118|117, 119|119)
Amount of Order 1: 6
No.0: x[0] + x[1] + x[2] + x[3] + x[4] + x[5] + x[6] + x[7] + x[8] + x[15] + x[16] + x[17] + x[18] + x[19] + x[20] + x[21] + x[22] + x[29] + x[30] + x[31] + x[32] + x[33] + x[34] + x[35] + x[42] + x[43] + x[44] + x[45] + x[46] + x[47] + x[54] + x[55] + x[56] + x[57] + x[58] + x[65] + x[66] + x[67] + x[68] + x[75] + x[76] + x[77] + x[84] + x[85] + x[92]
No.1: x[9] + x[10] + x[11] + x[12] + x[23] + x[24] + x[25] + x[26] + x[36] + x[37] + x[38] + x[39] + x[48] + x[49] + x[50] + x[51] + x[59] + x[60] + x[61] + x[62] + x[69] + x[70] + x[71] + x[72] + x[78] + x[79] + x[80] + x[81] + x[86] + x[87] + x[88] + x[89] + x[93] + x[94] + x[95] + x[96] + x[99] + x[100] + x[101] + x[102]
No.2: x[13] + x[14] + x[27] + x[28] + x[40] + x[41] + x[52] + x[53] + x[63] + x[64] + x[73] + x[74] + x[82] + x[83] + x[90] + x[91] + x[97] + x[98] + x[103] + x[104]
No.3: x[105] + x[106] + x[107] + x[110] + x[111] + x[114]
No.4: x[108] + x[109] + x[112] + x[113] + x[115] + x[116] + x[117] + x[118]
No.5: x[119]
FI printer settings:
	Output path: /share2/Hyper/FIopensource/A10B4C2
	FI file name prefix: A10B4C2.txt
	PIP file name prefix: A10B4C2PIP.txt
	LineLength: 0
	PrintSetting: Text
	PIPprintSetting: Alone
OrderMax:    4
order:    1, prefix:        0, count:        6, FI count:        6, Non FI count:        0
order:    2, prefix:        6, count:       41, FI count:       20, Non FI count:       21
	time: 5.694092(ms)
order:    3, prefix:       47, count:      253, FI count:       77, Non FI count:      176
	time: 351.699951(ms)
order:    4, prefix:      300, count:     1562, FI count:      345, Non FI count:     1217
	time: 13.769463(s)
