MoleculeAmount = 1, Mkind = 1
M[0] = 0, <A3B9>, Atom amount: 12
AtomAmount = 12, Akind = 2
A[0] = 0, <A> , belong to M[0]
A[1] = 0, <A> , belong to M[0]
A[2] = 0, <A> , belong to M[0]
A[3] = 1, <B> , belong to M[0]
A[4] = 1, <B> , belong to M[0]
A[5] = 1, <B> , belong to M[0]
A[6] = 1, <B> , belong to M[0]
A[7] = 1, <B> , belong to M[0]
A[8] = 1, <B> , belong to M[0]
A[9] = 1, <B> , belong to M[0]
A[10] = 1, <B> , belong to M[0]
A[11] = 1, <B> , belong to M[0]
MaxAtomAmount = 36514560
Formula[0], Mamount = 1
	Atom[0] = 3
	Atom[1] = 9
M[0] = 0, <A3B9>, Atom amount: 12
	<0|0, <A>| 0>, <1|0, <A>| 0>, <2|0, <A>| 0>, <3|1, <B>| 0>, <4|1, <B>| 0>, <5|1, <B>| 0>, <6|1, <B>| 0>, <7|1, <B>| 0>, <8|1, <B>| 0>, <9|1, <B>| 0>, <10|1, <B>| 0>, <11|1, <B>| 0>
Order = 5, AtomAmount = 12, SwapAmount = 10, PermutationAmount = 0
           SwapAmount = 10          
Swap[0] = (0, 1)
Swap[1] = (0, 2)
Swap[2] = (3, 4)
Swap[3] = (3, 5)
Swap[4] = (3, 6)
Swap[5] = (3, 7)
Swap[6] = (3, 8)
Swap[7] = (3, 9)
Swap[8] = (3, 10)
Swap[9] = (3, 11)
       PermutationAmount = 0          
Order = 5, Atom Amount = 12, Bond Amount = 66
R[0] = (0, 1)
R[1] = (0, 2)
R[2] = (0, 3)
R[3] = (0, 4)
R[4] = (0, 5)
R[5] = (0, 6)
R[6] = (0, 7)
R[7] = (0, 8)
R[8] = (0, 9)
R[9] = (0, 10)
R[10] = (0, 11)
R[11] = (1, 2)
R[12] = (1, 3)
R[13] = (1, 4)
R[14] = (1, 5)
R[15] = (1, 6)
R[16] = (1, 7)
R[17] = (1, 8)
R[18] = (1, 9)
R[19] = (1, 10)
R[20] = (1, 11)
R[21] = (2, 3)
R[22] = (2, 4)
R[23] = (2, 5)
R[24] = (2, 6)
R[25] = (2, 7)
R[26] = (2, 8)
R[27] = (2, 9)
R[28] = (2, 10)
R[29] = (2, 11)
R[30] = (3, 4)
R[31] = (3, 5)
R[32] = (3, 6)
R[33] = (3, 7)
R[34] = (3, 8)
R[35] = (3, 9)
R[36] = (3, 10)
R[37] = (3, 11)
R[38] = (4, 5)
R[39] = (4, 6)
R[40] = (4, 7)
R[41] = (4, 8)
R[42] = (4, 9)
R[43] = (4, 10)
R[44] = (4, 11)
R[45] = (5, 6)
R[46] = (5, 7)
R[47] = (5, 8)
R[48] = (5, 9)
R[49] = (5, 10)
R[50] = (5, 11)
R[51] = (6, 7)
R[52] = (6, 8)
R[53] = (6, 9)
R[54] = (6, 10)
R[55] = (6, 11)
R[56] = (7, 8)
R[57] = (7, 9)
R[58] = (7, 10)
R[59] = (7, 11)
R[60] = (8, 9)
R[61] = (8, 10)
R[62] = (8, 11)
R[63] = (9, 10)
R[64] = (9, 11)
R[65] = (10, 11)
Permutation amount = 10
Swap[0]
	(0|0, 1|11, 2|12, 3|13, 4|14, 5|15, 6|16, 7|17, 8|18, 9|19, 10|20, 11|1, 12|2, 13|3, 14|4, 15|5, 16|6, 17|7, 18|8, 19|9, 20|10, 21|21, 22|22, 23|23, 24|24, 25|25, 26|26, 27|27, 28|28, 29|29, 30|30, 31|31, 32|32, 33|33, 34|34, 35|35, 36|36, 37|37, 38|38, 39|39, 40|40, 41|41, 42|42, 43|43, 44|44, 45|45, 46|46, 47|47, 48|48, 49|49, 50|50, 51|51, 52|52, 53|53, 54|54, 55|55, 56|56, 57|57, 58|58, 59|59, 60|60, 61|61, 62|62, 63|63, 64|64, 65|65)
Swap[1]
	(0|11, 1|1, 2|21, 3|22, 4|23, 5|24, 6|25, 7|26, 8|27, 9|28, 10|29, 11|0, 12|12, 13|13, 14|14, 15|15, 16|16, 17|17, 18|18, 19|19, 20|20, 21|2, 22|3, 23|4, 24|5, 25|6, 26|7, 27|8, 28|9, 29|10, 30|30, 31|31, 32|32, 33|33, 34|34, 35|35, 36|36, 37|37, 38|38, 39|39, 40|40, 41|41, 42|42, 43|43, 44|44, 45|45, 46|46, 47|47, 48|48, 49|49, 50|50, 51|51, 52|52, 53|53, 54|54, 55|55, 56|56, 57|57, 58|58, 59|59, 60|60, 61|61, 62|62, 63|63, 64|64, 65|65)
Swap[2]
	(0|0, 1|1, 2|3, 3|2, 4|4, 5|5, 6|6, 7|7, 8|8, 9|9, 10|10, 11|11, 12|13, 13|12, 14|14, 15|15, 16|16, 17|17, 18|18, 19|19, 20|20, 21|22, 22|21, 23|23, 24|24, 25|25, 26|26, 27|27, 28|28, 29|29, 30|30, 31|38, 32|39, 33|40, 34|41, 35|42, 36|43, 37|44, 38|31, 39|32, 40|33, 41|34, 42|35, 43|36, 44|37, 45|45, 46|46, 47|47, 48|48, 49|49, 50|50, 51|51, 52|52, 53|53, 54|54, 55|55, 56|56, 57|57, 58|58, 59|59, 60|60, 61|61, 62|62, 63|63, 64|64, 65|65)
Swap[3]
	(0|0, 1|1, 2|4, 3|3, 4|2, 5|5, 6|6, 7|7, 8|8, 9|9, 10|10, 11|11, 12|14, 13|13, 14|12, 15|15, 16|16, 17|17, 18|18, 19|19, 20|20, 21|23, 22|22, 23|21, 24|24, 25|25, 26|26, 27|27, 28|28, 29|29, 30|38, 31|31, 32|45, 33|46, 34|47, 35|48, 36|49, 37|50, 38|30, 39|39, 40|40, 41|41, 42|42, 43|43, 44|44, 45|32, 46|33, 47|34, 48|35, 49|36, 50|37, 51|51, 52|52, 53|53, 54|54, 55|55, 56|56, 57|57, 58|58, 59|59, 60|60, 61|61, 62|62, 63|63, 64|64, 65|65)
Swap[4]
	(0|0, 1|1, 2|5, 3|3, 4|4, 5|2, 6|6, 7|7, 8|8, 9|9, 10|10, 11|11, 12|15, 13|13, 14|14, 15|12, 16|16, 17|17, 18|18, 19|19, 20|20, 21|24, 22|22, 23|23, 24|21, 25|25, 26|26, 27|27, 28|28, 29|29, 30|39, 31|45, 32|32, 33|51, 34|52, 35|53, 36|54, 37|55, 38|38, 39|30, 40|40, 41|41, 42|42, 43|43, 44|44, 45|31, 46|46, 47|47, 48|48, 49|49, 50|50, 51|33, 52|34, 53|35, 54|36, 55|37, 56|56, 57|57, 58|58, 59|59, 60|60, 61|61, 62|62, 63|63, 64|64, 65|65)
Swap[5]
	(0|0, 1|1, 2|6, 3|3, 4|4, 5|5, 6|2, 7|7, 8|8, 9|9, 10|10, 11|11, 12|16, 13|13, 14|14, 15|15, 16|12, 17|17, 18|18, 19|19, 20|20, 21|25, 22|22, 23|23, 24|24, 25|21, 26|26, 27|27, 28|28, 29|29, 30|40, 31|46, 32|51, 33|33, 34|56, 35|57, 36|58, 37|59, 38|38, 39|39, 40|30, 41|41, 42|42, 43|43, 44|44, 45|45, 46|31, 47|47, 48|48, 49|49, 50|50, 51|32, 52|52, 53|53, 54|54, 55|55, 56|34, 57|35, 58|36, 59|37, 60|60, 61|61, 62|62, 63|63, 64|64, 65|65)
Swap[6]
	(0|0, 1|1, 2|7, 3|3, 4|4, 5|5, 6|6, 7|2, 8|8, 9|9, 10|10, 11|11, 12|17, 13|13, 14|14, 15|15, 16|16, 17|12, 18|18, 19|19, 20|20, 21|26, 22|22, 23|23, 24|24, 25|25, 26|21, 27|27, 28|28, 29|29, 30|41, 31|47, 32|52, 33|56, 34|34, 35|60, 36|61, 37|62, 38|38, 39|39, 40|40, 41|30, 42|42, 43|43, 44|44, 45|45, 46|46, 47|31, 48|48, 49|49, 50|50, 51|51, 52|32, 53|53, 54|54, 55|55, 56|33, 57|57, 58|58, 59|59, 60|35, 61|36, 62|37, 63|63, 64|64, 65|65)
Swap[7]
	(0|0, 1|1, 2|8, 3|3, 4|4, 5|5, 6|6, 7|7, 8|2, 9|9, 10|10, 11|11, 12|18, 13|13, 14|14, 15|15, 16|16, 17|17, 18|12, 19|19, 20|20, 21|27, 22|22, 23|23, 24|24, 25|25, 26|26, 27|21, 28|28, 29|29, 30|42, 31|48, 32|53, 33|57, 34|60, 35|35, 36|63, 37|64, 38|38, 39|39, 40|40, 41|41, 42|30, 43|43, 44|44, 45|45, 46|46, 47|47, 48|31, 49|49, 50|50, 51|51, 52|52, 53|32, 54|54, 55|55, 56|56, 57|33, 58|58, 59|59, 60|34, 61|61, 62|62, 63|36, 64|37, 65|65)
Swap[8]
	(0|0, 1|1, 2|9, 3|3, 4|4, 5|5, 6|6, 7|7, 8|8, 9|2, 10|10, 11|11, 12|19, 13|13, 14|14, 15|15, 16|16, 17|17, 18|18, 19|12, 20|20, 21|28, 22|22, 23|23, 24|24, 25|25, 26|26, 27|27, 28|21, 29|29, 30|43, 31|49, 32|54, 33|58, 34|61, 35|63, 36|36, 37|65, 38|38, 39|39, 40|40, 41|41, 42|42, 43|30, 44|44, 45|45, 46|46, 47|47, 48|48, 49|31, 50|50, 51|51, 52|52, 53|53, 54|32, 55|55, 56|56, 57|57, 58|33, 59|59, 60|60, 61|34, 62|62, 63|35, 64|64, 65|37)
Swap[9]
	(0|0, 1|1, 2|10, 3|3, 4|4, 5|5, 6|6, 7|7, 8|8, 9|9, 10|2, 11|11, 12|20, 13|13, 14|14, 15|15, 16|16, 17|17, 18|18, 19|19, 20|12, 21|29, 22|22, 23|23, 24|24, 25|25, 26|26, 27|27, 28|28, 29|21, 30|44, 31|50, 32|55, 33|59, 34|62, 35|64, 36|65, 37|37, 38|38, 39|39, 40|40, 41|41, 42|42, 43|43, 44|30, 45|45, 46|46, 47|47, 48|48, 49|49, 50|31, 51|51, 52|52, 53|53, 54|54, 55|32, 56|56, 57|57, 58|58, 59|33, 60|60, 61|61, 62|34, 63|63, 64|35, 65|36)
Amount of Order 1: 3
No.0: x[0] + x[1] + x[11]
No.1: x[2] + x[3] + x[4] + x[5] + x[6] + x[7] + x[8] + x[9] + x[10] + x[12] + x[13] + x[14] + x[15] + x[16] + x[17] + x[18] + x[19] + x[20] + x[21] + x[22] + x[23] + x[24] + x[25] + x[26] + x[27] + x[28] + x[29]
No.2: x[30] + x[31] + x[32] + x[33] + x[34] + x[35] + x[36] + x[37] + x[38] + x[39] + x[40] + x[41] + x[42] + x[43] + x[44] + x[45] + x[46] + x[47] + x[48] + x[49] + x[50] + x[51] + x[52] + x[53] + x[54] + x[55] + x[56] + x[57] + x[58] + x[59] + x[60] + x[61] + x[62] + x[63] + x[64] + x[65]
FI printer settings:
	Output path: /share2/Hyper/FIopensource/A3B9/
	FI file name prefix: A3B9.txt
	PIP file name prefix: A3B9PIP.txt
	LineLength: 0
	PrintSetting: Text
	PIPprintSetting: Alone
OrderMax:    5
order:    1, prefix:        0, count:        3, FI count:        3, Non FI count:        0
order:    2, prefix:        3, count:       14, FI count:        8, Non FI count:        6
	time: 5.326904(ms)
order:    3, prefix:       17, count:       59, FI count:       25, Non FI count:       34
	time: 120.887207(ms)
order:    4, prefix:       76, count:      253, FI count:       79, Non FI count:      174
	time: 1.356144(s)
order:    5, prefix:      329, count:     1091, FI count:      297, Non FI count:      794
	time: 24.027984(s)
