MoleculeAmount = 1, Mkind = 1
M[0] = 0, <A7B6C2>, Atom amount: 15
AtomAmount = 15, Akind = 3
A[0] = 0, <A> , belong to M[0]
A[1] = 0, <A> , belong to M[0]
A[2] = 0, <A> , belong to M[0]
A[3] = 0, <A> , belong to M[0]
A[4] = 0, <A> , belong to M[0]
A[5] = 0, <A> , belong to M[0]
A[6] = 0, <A> , belong to M[0]
A[7] = 1, <B> , belong to M[0]
A[8] = 1, <B> , belong to M[0]
A[9] = 1, <B> , belong to M[0]
A[10] = 1, <B> , belong to M[0]
A[11] = 1, <B> , belong to M[0]
A[12] = 1, <B> , belong to M[0]
A[13] = 2, <C> , belong to M[0]
A[14] = 2, <C> , belong to M[0]
MaxAtomAmount = 15
Formula[0], Mamount = 1
	Atom[0] = 7
	Atom[1] = 6
	Atom[2] = 2
M[0] = 0, <A7B6C2>, Atom amount: 15
	<0|0, <A>| 0>, <1|0, <A>| 0>, <2|0, <A>| 0>, <3|0, <A>| 0>, <4|0, <A>| 0>, <5|0, <A>| 0>, <6|0, <A>| 0>, <7|1, <B>| 0>, <8|1, <B>| 0>, <9|1, <B>| 0>, <10|1, <B>| 0>, <11|1, <B>| 0>, <12|1, <B>| 0>, <13|2, <C>| 0>, <14|2, <C>| 0>
Order = 4, AtomAmount = 15, SwapAmount = 12, PermutationAmount = 0
           SwapAmount = 12          
Swap[0] = (0, 1)
Swap[1] = (0, 2)
Swap[2] = (0, 3)
Swap[3] = (0, 4)
Swap[4] = (0, 5)
Swap[5] = (0, 6)
Swap[6] = (7, 8)
Swap[7] = (7, 9)
Swap[8] = (7, 10)
Swap[9] = (7, 11)
Swap[10] = (7, 12)
Swap[11] = (13, 14)
       PermutationAmount = 0          
Order = 4, Atom Amount = 15, Bond Amount = 105
R[0] = (0, 1)
R[1] = (0, 2)
R[2] = (0, 3)
R[3] = (0, 4)
R[4] = (0, 5)
R[5] = (0, 6)
R[6] = (0, 7)
R[7] = (0, 8)
R[8] = (0, 9)
R[9] = (0, 10)
R[10] = (0, 11)
R[11] = (0, 12)
R[12] = (0, 13)
R[13] = (0, 14)
R[14] = (1, 2)
R[15] = (1, 3)
R[16] = (1, 4)
R[17] = (1, 5)
R[18] = (1, 6)
R[19] = (1, 7)
R[20] = (1, 8)
R[21] = (1, 9)
R[22] = (1, 10)
R[23] = (1, 11)
R[24] = (1, 12)
R[25] = (1, 13)
R[26] = (1, 14)
R[27] = (2, 3)
R[28] = (2, 4)
R[29] = (2, 5)
R[30] = (2, 6)
R[31] = (2, 7)
R[32] = (2, 8)
R[33] = (2, 9)
R[34] = (2, 10)
R[35] = (2, 11)
R[36] = (2, 12)
R[37] = (2, 13)
R[38] = (2, 14)
R[39] = (3, 4)
R[40] = (3, 5)
R[41] = (3, 6)
R[42] = (3, 7)
R[43] = (3, 8)
R[44] = (3, 9)
R[45] = (3, 10)
R[46] = (3, 11)
R[47] = (3, 12)
R[48] = (3, 13)
R[49] = (3, 14)
R[50] = (4, 5)
R[51] = (4, 6)
R[52] = (4, 7)
R[53] = (4, 8)
R[54] = (4, 9)
R[55] = (4, 10)
R[56] = (4, 11)
R[57] = (4, 12)
R[58] = (4, 13)
R[59] = (4, 14)
R[60] = (5, 6)
R[61] = (5, 7)
R[62] = (5, 8)
R[63] = (5, 9)
R[64] = (5, 10)
R[65] = (5, 11)
R[66] = (5, 12)
R[67] = (5, 13)
R[68] = (5, 14)
R[69] = (6, 7)
R[70] = (6, 8)
R[71] = (6, 9)
R[72] = (6, 10)
R[73] = (6, 11)
R[74] = (6, 12)
R[75] = (6, 13)
R[76] = (6, 14)
R[77] = (7, 8)
R[78] = (7, 9)
R[79] = (7, 10)
R[80] = (7, 11)
R[81] = (7, 12)
R[82] = (7, 13)
R[83] = (7, 14)
R[84] = (8, 9)
R[85] = (8, 10)
R[86] = (8, 11)
R[87] = (8, 12)
R[88] = (8, 13)
R[89] = (8, 14)
R[90] = (9, 10)
R[91] = (9, 11)
R[92] = (9, 12)
R[93] = (9, 13)
R[94] = (9, 14)
R[95] = (10, 11)
R[96] = (10, 12)
R[97] = (10, 13)
R[98] = (10, 14)
R[99] = (11, 12)
R[100] = (11, 13)
R[101] = (11, 14)
R[102] = (12, 13)
R[103] = (12, 14)
R[104] = (13, 14)
Permutation amount = 12
Swap[0]
	(0|0, 1|14, 2|15, 3|16, 4|17, 5|18, 6|19, 7|20, 8|21, 9|22, 10|23, 11|24, 12|25, 13|26, 14|1, 15|2, 16|3, 17|4, 18|5, 19|6, 20|7, 21|8, 22|9, 23|10, 24|11, 25|12, 26|13, 27|27, 28|28, 29|29, 30|30, 31|31, 32|32, 33|33, 34|34, 35|35, 36|36, 37|37, 38|38, 39|39, 40|40, 41|41, 42|42, 43|43, 44|44, 45|45, 46|46, 47|47, 48|48, 49|49, 50|50, 51|51, 52|52, 53|53, 54|54, 55|55, 56|56, 57|57, 58|58, 59|59, 60|60, 61|61, 62|62, 63|63, 64|64, 65|65, 66|66, 67|67, 68|68, 69|69, 70|70, 71|71, 72|72, 73|73, 74|74, 75|75, 76|76, 77|77, 78|78, 79|79, 80|80, 81|81, 82|82, 83|83, 84|84, 85|85, 86|86, 87|87, 88|88, 89|89, 90|90, 91|91, 92|92, 93|93, 94|94, 95|95, 96|96, 97|97, 98|98, 99|99, 100|100, 101|101, 102|102, 103|103, 104|104)
Swap[1]
	(0|14, 1|1, 2|27, 3|28, 4|29, 5|30, 6|31, 7|32, 8|33, 9|34, 10|35, 11|36, 12|37, 13|38, 14|0, 15|15, 16|16, 17|17, 18|18, 19|19, 20|20, 21|21, 22|22, 23|23, 24|24, 25|25, 26|26, 27|2, 28|3, 29|4, 30|5, 31|6, 32|7, 33|8, 34|9, 35|10, 36|11, 37|12, 38|13, 39|39, 40|40, 41|41, 42|42, 43|43, 44|44, 45|45, 46|46, 47|47, 48|48, 49|49, 50|50, 51|51, 52|52, 53|53, 54|54, 55|55, 56|56, 57|57, 58|58, 59|59, 60|60, 61|61, 62|62, 63|63, 64|64, 65|65, 66|66, 67|67, 68|68, 69|69, 70|70, 71|71, 72|72, 73|73, 74|74, 75|75, 76|76, 77|77, 78|78, 79|79, 80|80, 81|81, 82|82, 83|83, 84|84, 85|85, 86|86, 87|87, 88|88, 89|89, 90|90, 91|91, 92|92, 93|93, 94|94, 95|95, 96|96, 97|97, 98|98, 99|99, 100|100, 101|101, 102|102, 103|103, 104|104)
Swap[2]
	(0|15, 1|27, 2|2, 3|39, 4|40, 5|41, 6|42, 7|43, 8|44, 9|45, 10|46, 11|47, 12|48, 13|49, 14|14, 15|0, 16|16, 17|17, 18|18, 19|19, 20|20, 21|21, 22|22, 23|23, 24|24, 25|25, 26|26, 27|1, 28|28, 29|29, 30|30, 31|31, 32|32, 33|33, 34|34, 35|35, 36|36, 37|37, 38|38, 39|3, 40|4, 41|5, 42|6, 43|7, 44|8, 45|9, 46|10, 47|11, 48|12, 49|13, 50|50, 51|51, 52|52, 53|53, 54|54, 55|55, 56|56, 57|57, 58|58, 59|59, 60|60, 61|61, 62|62, 63|63, 64|64, 65|65, 66|66, 67|67, 68|68, 69|69, 70|70, 71|71, 72|72, 73|73, 74|74, 75|75, 76|76, 77|77, 78|78, 79|79, 80|80, 81|81, 82|82, 83|83, 84|84, 85|85, 86|86, 87|87, 88|88, 89|89, 90|90, 91|91, 92|92, 93|93, 94|94, 95|95, 96|96, 97|97, 98|98, 99|99, 100|100, 101|101, 102|102, 103|103, 104|104)
Swap[3]
	(0|16, 1|28, 2|39, 3|3, 4|50, 5|51, 6|52, 7|53, 8|54, 9|55, 10|56, 11|57, 12|58, 13|59, 14|14, 15|15, 16|0, 17|17, 18|18, 19|19, 20|20, 21|21, 22|22, 23|23, 24|24, 25|25, 26|26, 27|27, 28|1, 29|29, 30|30, 31|31, 32|32, 33|33, 34|34, 35|35, 36|36, 37|37, 38|38, 39|2, 40|40, 41|41, 42|42, 43|43, 44|44, 45|45, 46|46, 47|47, 48|48, 49|49, 50|4, 51|5, 52|6, 53|7, 54|8, 55|9, 56|10, 57|11, 58|12, 59|13, 60|60, 61|61, 62|62, 63|63, 64|64, 65|65, 66|66, 67|67, 68|68, 69|69, 70|70, 71|71, 72|72, 73|73, 74|74, 75|75, 76|76, 77|77, 78|78, 79|79, 80|80, 81|81, 82|82, 83|83, 84|84, 85|85, 86|86, 87|87, 88|88, 89|89, 90|90, 91|91, 92|92, 93|93, 94|94, 95|95, 96|96, 97|97, 98|98, 99|99, 100|100, 101|101, 102|102, 103|103, 104|104)
Swap[4]
	(0|17, 1|29, 2|40, 3|50, 4|4, 5|60, 6|61, 7|62, 8|63, 9|64, 10|65, 11|66, 12|67, 13|68, 14|14, 15|15, 16|16, 17|0, 18|18, 19|19, 20|20, 21|21, 22|22, 23|23, 24|24, 25|25, 26|26, 27|27, 28|28, 29|1, 30|30, 31|31, 32|32, 33|33, 34|34, 35|35, 36|36, 37|37, 38|38, 39|39, 40|2, 41|41, 42|42, 43|43, 44|44, 45|45, 46|46, 47|47, 48|48, 49|49, 50|3, 51|51, 52|52, 53|53, 54|54, 55|55, 56|56, 57|57, 58|58, 59|59, 60|5, 61|6, 62|7, 63|8, 64|9, 65|10, 66|11, 67|12, 68|13, 69|69, 70|70, 71|71, 72|72, 73|73, 74|74, 75|75, 76|76, 77|77, 78|78, 79|79, 80|80, 81|81, 82|82, 83|83, 84|84, 85|85, 86|86, 87|87, 88|88, 89|89, 90|90, 91|91, 92|92, 93|93, 94|94, 95|95, 96|96, 97|97, 98|98, 99|99, 100|100, 101|101, 102|102, 103|103, 104|104)
Swap[5]
	(0|18, 1|30, 2|41, 3|51, 4|60, 5|5, 6|69, 7|70, 8|71, 9|72, 10|73, 11|74, 12|75, 13|76, 14|14, 15|15, 16|16, 17|17, 18|0, 19|19, 20|20, 21|21, 22|22, 23|23, 24|24, 25|25, 26|26, 27|27, 28|28, 29|29, 30|1, 31|31, 32|32, 33|33, 34|34, 35|35, 36|36, 37|37, 38|38, 39|39, 40|40, 41|2, 42|42, 43|43, 44|44, 45|45, 46|46, 47|47, 48|48, 49|49, 50|50, 51|3, 52|52, 53|53, 54|54, 55|55, 56|56, 57|57, 58|58, 59|59, 60|4, 61|61, 62|62, 63|63, 64|64, 65|65, 66|66, 67|67, 68|68, 69|6, 70|7, 71|8, 72|9, 73|10, 74|11, 75|12, 76|13, 77|77, 78|78, 79|79, 80|80, 81|81, 82|82, 83|83, 84|84, 85|85, 86|86, 87|87, 88|88, 89|89, 90|90, 91|91, 92|92, 93|93, 94|94, 95|95, 96|96, 97|97, 98|98, 99|99, 100|100, 101|101, 102|102, 103|103, 104|104)
Swap[6]
	(0|0, 1|1, 2|2, 3|3, 4|4, 5|5, 6|7, 7|6, 8|8, 9|9, 10|10, 11|11, 12|12, 13|13, 14|14, 15|15, 16|16, 17|17, 18|18, 19|20, 20|19, 21|21, 22|22, 23|23, 24|24, 25|25, 26|26, 27|27, 28|28, 29|29, 30|30, 31|32, 32|31, 33|33, 34|34, 35|35, 36|36, 37|37, 38|38, 39|39, 40|40, 41|41, 42|43, 43|42, 44|44, 45|45, 46|46, 47|47, 48|48, 49|49, 50|50, 51|51, 52|53, 53|52, 54|54, 55|55, 56|56, 57|57, 58|58, 59|59, 60|60, 61|62, 62|61, 63|63, 64|64, 65|65, 66|66, 67|67, 68|68, 69|70, 70|69, 71|71, 72|72, 73|73, 74|74, 75|75, 76|76, 77|77, 78|84, 79|85, 80|86, 81|87, 82|88, 83|89, 84|78, 85|79, 86|80, 87|81, 88|82, 89|83, 90|90, 91|91, 92|92, 93|93, 94|94, 95|95, 96|96, 97|97, 98|98, 99|99, 100|100, 101|101, 102|102, 103|103, 104|104)
Swap[7]
	(0|0, 1|1, 2|2, 3|3, 4|4, 5|5, 6|8, 7|7, 8|6, 9|9, 10|10, 11|11, 12|12, 13|13, 14|14, 15|15, 16|16, 17|17, 18|18, 19|21, 20|20, 21|19, 22|22, 23|23, 24|24, 25|25, 26|26, 27|27, 28|28, 29|29, 30|30, 31|33, 32|32, 33|31, 34|34, 35|35, 36|36, 37|37, 38|38, 39|39, 40|40, 41|41, 42|44, 43|43, 44|42, 45|45, 46|46, 47|47, 48|48, 49|49, 50|50, 51|51, 52|54, 53|53, 54|52, 55|55, 56|56, 57|57, 58|58, 59|59, 60|60, 61|63, 62|62, 63|61, 64|64, 65|65, 66|66, 67|67, 68|68, 69|71, 70|70, 71|69, 72|72, 73|73, 74|74, 75|75, 76|76, 77|84, 78|78, 79|90, 80|91, 81|92, 82|93, 83|94, 84|77, 85|85, 86|86, 87|87, 88|88, 89|89, 90|79, 91|80, 92|81, 93|82, 94|83, 95|95, 96|96, 97|97, 98|98, 99|99, 100|100, 101|101, 102|102, 103|103, 104|104)
Swap[8]
	(0|0, 1|1, 2|2, 3|3, 4|4, 5|5, 6|9, 7|7, 8|8, 9|6, 10|10, 11|11, 12|12, 13|13, 14|14, 15|15, 16|16, 17|17, 18|18, 19|22, 20|20, 21|21, 22|19, 23|23, 24|24, 25|25, 26|26, 27|27, 28|28, 29|29, 30|30, 31|34, 32|32, 33|33, 34|31, 35|35, 36|36, 37|37, 38|38, 39|39, 40|40, 41|41, 42|45, 43|43, 44|44, 45|42, 46|46, 47|47, 48|48, 49|49, 50|50, 51|51, 52|55, 53|53, 54|54, 55|52, 56|56, 57|57, 58|58, 59|59, 60|60, 61|64, 62|62, 63|63, 64|61, 65|65, 66|66, 67|67, 68|68, 69|72, 70|70, 71|71, 72|69, 73|73, 74|74, 75|75, 76|76, 77|85, 78|90, 79|79, 80|95, 81|96, 82|97, 83|98, 84|84, 85|77, 86|86, 87|87, 88|88, 89|89, 90|78, 91|91, 92|92, 93|93, 94|94, 95|80, 96|81, 97|82, 98|83, 99|99, 100|100, 101|101, 102|102, 103|103, 104|104)
Swap[9]
	(0|0, 1|1, 2|2, 3|3, 4|4, 5|5, 6|10, 7|7, 8|8, 9|9, 10|6, 11|11, 12|12, 13|13, 14|14, 15|15, 16|16, 17|17, 18|18, 19|23, 20|20, 21|21, 22|22, 23|19, 24|24, 25|25, 26|26, 27|27, 28|28, 29|29, 30|30, 31|35, 32|32, 33|33, 34|34, 35|31, 36|36, 37|37, 38|38, 39|39, 40|40, 41|41, 42|46, 43|43, 44|44, 45|45, 46|42, 47|47, 48|48, 49|49, 50|50, 51|51, 52|56, 53|53, 54|54, 55|55, 56|52, 57|57, 58|58, 59|59, 60|60, 61|65, 62|62, 63|63, 64|64, 65|61, 66|66, 67|67, 68|68, 69|73, 70|70, 71|71, 72|72, 73|69, 74|74, 75|75, 76|76, 77|86, 78|91, 79|95, 80|80, 81|99, 82|100, 83|101, 84|84, 85|85, 86|77, 87|87, 88|88, 89|89, 90|90, 91|78, 92|92, 93|93, 94|94, 95|79, 96|96, 97|97, 98|98, 99|81, 100|82, 101|83, 102|102, 103|103, 104|104)
Swap[10]
	(0|0, 1|1, 2|2, 3|3, 4|4, 5|5, 6|11, 7|7, 8|8, 9|9, 10|10, 11|6, 12|12, 13|13, 14|14, 15|15, 16|16, 17|17, 18|18, 19|24, 20|20, 21|21, 22|22, 23|23, 24|19, 25|25, 26|26, 27|27, 28|28, 29|29, 30|30, 31|36, 32|32, 33|33, 34|34, 35|35, 36|31, 37|37, 38|38, 39|39, 40|40, 41|41, 42|47, 43|43, 44|44, 45|45, 46|46, 47|42, 48|48, 49|49, 50|50, 51|51, 52|57, 53|53, 54|54, 55|55, 56|56, 57|52, 58|58, 59|59, 60|60, 61|66, 62|62, 63|63, 64|64, 65|65, 66|61, 67|67, 68|68, 69|74, 70|70, 71|71, 72|72, 73|73, 74|69, 75|75, 76|76, 77|87, 78|92, 79|96, 80|99, 81|81, 82|102, 83|103, 84|84, 85|85, 86|86, 87|77, 88|88, 89|89, 90|90, 91|91, 92|78, 93|93, 94|94, 95|95, 96|79, 97|97, 98|98, 99|80, 100|100, 101|101, 102|82, 103|83, 104|104)
Swap[11]
	(0|0, 1|1, 2|2, 3|3, 4|4, 5|5, 6|6, 7|7, 8|8, 9|9, 10|10, 11|11, 12|13, 13|12, 14|14, 15|15, 16|16, 17|17, 18|18, 19|19, 20|20, 21|21, 22|22, 23|23, 24|24, 25|26, 26|25, 27|27, 28|28, 29|29, 30|30, 31|31, 32|32, 33|33, 34|34, 35|35, 36|36, 37|38, 38|37, 39|39, 40|40, 41|41, 42|42, 43|43, 44|44, 45|45, 46|46, 47|47, 48|49, 49|48, 50|50, 51|51, 52|52, 53|53, 54|54, 55|55, 56|56, 57|57, 58|59, 59|58, 60|60, 61|61, 62|62, 63|63, 64|64, 65|65, 66|66, 67|68, 68|67, 69|69, 70|70, 71|71, 72|72, 73|73, 74|74, 75|76, 76|75, 77|77, 78|78, 79|79, 80|80, 81|81, 82|83, 83|82, 84|84, 85|85, 86|86, 87|87, 88|89, 89|88, 90|90, 91|91, 92|92, 93|94, 94|93, 95|95, 96|96, 97|98, 98|97, 99|99, 100|101, 101|100, 102|103, 103|102, 104|104)
Amount of Order 1: 6
No.0: x[0] + x[1] + x[2] + x[3] + x[4] + x[5] + x[14] + x[15] + x[16] + x[17] + x[18] + x[27] + x[28] + x[29] + x[30] + x[39] + x[40] + x[41] + x[50] + x[51] + x[60]
No.1: x[6] + x[7] + x[8] + x[9] + x[10] + x[11] + x[19] + x[20] + x[21] + x[22] + x[23] + x[24] + x[31] + x[32] + x[33] + x[34] + x[35] + x[36] + x[42] + x[43] + x[44] + x[45] + x[46] + x[47] + x[52] + x[53] + x[54] + x[55] + x[56] + x[57] + x[61] + x[62] + x[63] + x[64] + x[65] + x[66] + x[69] + x[70] + x[71] + x[72] + x[73] + x[74]
No.2: x[12] + x[13] + x[25] + x[26] + x[37] + x[38] + x[48] + x[49] + x[58] + x[59] + x[67] + x[68] + x[75] + x[76]
No.3: x[77] + x[78] + x[79] + x[80] + x[81] + x[84] + x[85] + x[86] + x[87] + x[90] + x[91] + x[92] + x[95] + x[96] + x[99]
No.4: x[82] + x[83] + x[88] + x[89] + x[93] + x[94] + x[97] + x[98] + x[100] + x[101] + x[102] + x[103]
No.5: x[104]
FI printer settings:
	Output path: /share2/Hyper/FIopensource/A7B6C2/
	FI file name prefix: A7B6C2.txt
	PIP file name prefix: A7B6C2PIP.txt
	LineLength: 0
	PrintSetting: Text
	PIPprintSetting: Alone
OrderMax:    4
order:    1, prefix:        0, count:        6, FI count:        6, Non FI count:        0
order:    2, prefix:        6, count:       41, FI count:       20, Non FI count:       21
	time: 14.169189(ms)
order:    3, prefix:       47, count:      257, FI count:       81, Non FI count:      176
	time: 293.742920(ms)
order:    4, prefix:      304, count:     1632, FI count:      391, Non FI count:     1241
	time: 7.564160(s)
